35
1 55 5
2 58486 54
3 48 87
##start
4 6548 458
5 848 51
6 8451 548
##start
7 2137 53125
8 21355 951
9 21351515 2137
10 5214 25
11 5412 561
12 497815 13554
13 2147483647 2147483647
14 0 0
15 321 5558
#13 2147483647 2147483648
#16 -351565 -2147483648
#1-1 55 5
# 2 58486 54
#L3 48 87
##4 6548 458
#5 1222251231658512538 64586864445848
#6 8451 548
16 8451 548
17 2137 53125
18 21355 951
19 21351515 2137
20 5214 25
21 5412 561
##end
22 497815 13554
23 2147483647 2147483647
24 0 0
##end
25 321 5558
#13 2147483647 2147483648
#16 -351565 -2147483648
1-2
3-6
13-18
14-17
#13-548488
#18415555-11
